8.95
9.01333
8.97
9.1
9.05667
9.02
9
9.12
9.01667
9.00333
9.07667
9.28333
9.25
9.07667
9.14333
9.03333
8.96
8.84667
9.08333
9.03667
9.05
9.15333
9.12667
9.04667
9.02333
9.13
9.01667
8.94333
8.85333
8.98333
9.02667
8.94667
9.02667
8.84
8.80333
8.80667
8.9
8.82
8.87667
8.91667
9.07333
9.15667
9.12667
9.16
9.04
8.95
9.13667
9.29667
9.25
9.04
8.94667
8.96667
8.9
8.77
8.92
8.72
8.97667
9.01333
8.97667
9.03333
8.79333
8.77
8.93
8.74667
9.25
9.19
8.95333
9.03667
8.81
9.00333
8.59667
9.13667
9.14333
9.10667
9.08667
9.04
9.29667
9.12667
9.27333
9.43
9.29667
9.34333
9.4
8.93333
8.94667
8.92667
8.94333
8.74333
8.65667
9.01333
8.56667
8.70667
8.74
9.03333
8.91
8.83667
8.83667
8.57667
8.75667
9.04333
8.81667
8.68
8.92333
8.56333
8.49
8.53
8.66333
8.60667
8.62333
8.60667
8.76
8.57667
8.82
8.93
8.39667
8.16
8.67333
8.38333
8.47667
8.44667
7.56
7.87667
8.67333
7.81667
8.33667
7.32
8.80333
7.87667
7.89
7.73667
7.76
7.81333
7.32667
7.48667
7.49333
6.93333
7.03667
5.93
6.59
6.82333
6.43333
6.03
5.42333
6.63
